$ 1 0.000005 10.20027730826997 50 5 43 5e-11
R -32 176 -144 176 0 3 80 5 0 0 0.5
w 96 240 160 240 0
174 224 176 160 304 1 10000 0.5 Resistance
a 304 320 448 320 8 15 -15 1000000 -0.000002356166510268229 0 100000
a 304 160 448 160 9 15 -15 1000000 -0.000002356166510268229 0 100000
w 224 176 304 176 0
w 304 176 304 224 0
r 304 224 448 224 0 51000
w 448 224 448 160 0
g 304 144 256 128 0 0
w 224 304 304 304 0
w 304 304 304 256 0
r 304 256 448 256 0 51000
w 448 256 448 320 0
w 448 320 496 320 0
w 448 160 496 160 0
g 304 336 288 368 0 0
r 96 240 32 240 0 50000
174 -32 176 32 304 1 10000 0.005 Resistance
g -32 304 -64 304 0 0
o 15 8 0 4099 5 0.00009765625 0 2 15 3
o 14 8 0 4099 5 0.00009765625 1 2 14 3
