$ 1 0.000005 10.20027730826997 50 5 43 5e-11
R -192 144 -304 144 0 3 80 5 0 0 0.5
w -64 208 0 208 0
174 64 144 0 272 1 10000 0.5 Pan1
a 304 320 448 320 8 15 -15 1000000 0.00001742999601699073 0 100000
a 304 160 448 160 9 15 -15 1000000 0.00001742999601699073 0 100000
w 64 144 128 144 0
w 304 176 304 224 0
r 304 224 448 224 0 51000
w 448 224 448 160 0
g 304 144 256 128 0 0
w 64 272 192 272 0
w 304 304 304 256 0
r 304 256 448 256 0 51000
w 448 256 448 320 0
w 448 320 496 320 0
w 448 160 496 160 0
g 304 336 288 368 0 0
r -64 208 -128 208 0 50000
174 -192 144 -128 272 1 10000 0.005 LVL1
g -192 272 -224 272 0 0
g -192 480 -224 480 0 0
174 -192 352 -128 480 1 10000 0.9950000000000001 LVL2
r -64 416 -128 416 0 50000
w 64 480 192 480 0
w 64 352 128 352 0
174 64 352 0 480 1 10000 0.5 Pan2
w -64 416 0 416 0
w 128 144 128 352 0
w 128 144 304 176 0
w 192 272 192 480 0
w 192 272 304 304 0
R -192 352 -304 352 0 3 80 5 0 0 0.5
o 15 8 0 4099 2.5 0.00009765625 0 2 15 3
o 14 8 0 4099 2.5 0.00009765625 1 2 14 3
